243 243 243 243 244 244 243 243 243 243 244 244 244 243 243 243
243 243 244 244 243 243 243 244 244 244 244 244 244 243 244 244
243 243 244 243 244 244 243 244 244 244 243 243 244 243 244 243
243   8 182 244 243 243 244 244 243 243 244 244 243 243 244 243
243 243 244 244 244 243 244 244 244 244 129   6   7 202 130 243
243 243 243 246 125  14 243  10  16 130 159 244   9 243 243 243
243  35 244 245 244 244 244 243 243  20 244 244 243 243 244 244
243 243 243  10 244 244 244 244  11 243 243 243 244 243 243 243
243 243   9 244 244 244 243 244 244 243 243 243 244 244 244 243
243 243 243  97 243 244 208 131 243 244  12 243 243 244 244 243
243 244 186 244 244  12 244 244 243 243  11 242 243   9 243 244
243 243 244 243 243 243 243 243 244 244 244 244 243 243 243 243
243 243 243 243 244 244 243 244 243 243 243 243 244 243 244 243
244 243 243 243 243 244 243 243 244 243 243 243 243 244 244 242
243 243 243 242 243 243 243 243 243 244 243 243 242 244 243 242
243 243 243 243 244 243 243 243 243 243 244 243 243 243 243 243
243 243 243 243 244 243 243 244 244 243 244 244 243 243 243 244
243 243 243 244 243 243 243 244 244 243 243 244 244 243 244 243
243 243 244 243 244 243 243 244 244 244 244 243 243 243 243 243
243   9 182 244 243 243 243 244 243 243 244 244 243 243 243 243
243 243 244 243 244 243 244 244 244 244 129   6   8 202 130 243
243 243 243 247 124  13 242  10  16 130 159 244   9 243 243 243
243  35 243 245 244 243 244 243 243  20 244 243 243 243 243 244
243 243 243  11 244 243 243 244  11 243 243 244 244 243 243 243
243 243   8 243 244 244 243 243 244 243 243 243 244 243 244 243
243 243 243  96 243 244 208 130 243 243  12 242 244 243 245 243
242 243 186 244 243  11 243 243 243 243  12 243 244   9 243 244
243 243 244 243 243 243 243 243 243 244 243 244 243 244 243 243
243 242 243 243 243 244 243 244 243 243 243 243 244 242 244 243
243 243 243 243 243 244 243 243 243 243 243 243 243 244 244 242
242 243 243 242 243 244 243 243 243 244 243 243 242 243 243 243
243 243 243 243 244 242 243 242 243 243 244 244 244 243 243 243
243 243 243 243 243 244 243 244 243 243 244 244 243 243 243 244
243 243 243 244 243 244 244 244 243 244 244 244 244 243 244 244
243 243 244 243 244 244 244 244 244 244 243 243 243 244 244 243
242   9 182 243 243 243 243 244 243 243 244 244 244 243 244 243
243 243 244 243 244 243 244 244 245 243 129   6   8 202 130 243
243 243 243 246 125  14 242  10  16 130 159 244   9 243 243 243
243  35 243 244 244 244 243 243 243  20 244 244 244 243 243 244
243 243 244  10 244 243 243 244  12 243 243 244 244 243 243 244
243 243   8 244 244 244 244 244 244 243 243 243 244 243 244 243
243 243 243  96 243 244 209 130 244 243  12 243 244 243 245 243
242 243 186 243 243  11 243 244 244 243  11 242 244   9 243 244
243 243 244 243 243 243 243 243 244 244 244 244 244 243 243 243
244 243 243 243 244 243 243 244 243 243 243 243 243 243 244 243
243 243 243 243 243 244 243 244 243 243 244 243 243 244 244 242
243 243 243 242 243 244 243 243 243 245 243 243 243 244 243 243
243 243 243 243 243 243 243 243 243 244 244 243 243 243 243 243

243 244 243 243 243 243 244 243 243 243 244 243 243 242 242 243
243 244 244 244 130 243 244 243 244 244 243 243 244 244 243 243
243 243 243 243 202 243 243 243 244 244   9 243 243 244 244 243
244 244 244 243   7   9 243 244 244 243 243 243 244 243 242 243
244 244 243 244   6 244 244 243 243 243 242 244 243 243 243 243
244 244 243 244 129 159 244 243 243  12  11 244 243 243 243 244
243 244 244 243 244 130  20 243 243 244 243 244 243 243 244 243
243 244 244 243 244  16 243  11 244 243 243 244 243 244 243 243
243 244 244 244 244  10 243 244 244 131 244 243 244 243 243 243
243 243 243 244 244 243 244 244 243 208 244 243 243 243 243 243
244 243 244 243 243  14 244 244 244 244  12 243 244 244 243 243
244 243 244 243 244 125 244 244 244 243 244 243 244 243 243 244
243 244 243 244 244 246 245  10 244  97 244 243 243 243 242 243
243 244 244 182 244 243 244 243   9 243 186 244 243 243 243 243
243 243 243   8 243 243  35 243 243 243 244 243 243 243 243 243
243 243 243 243 243 243 243 243 243 243 243 243 243 244 243 243
244 243 243 243 243 243 244 243 243 243 244 243 243 242 243 243
243 244 243 243 130 243 243 243 244 245 243 243 244 244 243 243
243 243 243 243 202 243 243 243 243 243   9 244 242 244 243 243
243 244 243 243   8   9 243 244 244 244 244 243 244 243 242 244
244 244 243 244   6 244 243 244 243 242 243 244 243 243 243 244
244 243 244 244 129 159 244 243 243  12  12 243 243 243 243 244
243 243 244 243 244 130  20 243 243 243 243 244 243 243 244 243
244 244 244 243 244  16 243  11 244 243 243 243 243 243 243 243
244 244 244 244 244  10 243 244 243 130 243 243 244 243 243 242
243 243 243 243 244 242 244 243 243 208 243 243 243 243 243 243
243 243 243 243 243  13 243 243 244 244  11 243 244 244 244 242
244 243 244 243 244 124 244 244 244 243 243 243 243 243 243 244
243 244 243 244 243 247 245  11 243  96 244 243 243 243 242 243
243 243 244 182 244 243 243 243   8 243 186 244 243 243 243 243
243 243 243   9 243 243  35 243 243 243 243 243 242 243 243 243
243 243 243 243 243 243 243 243 243 243 242 243 243 243 242 243
244 244 243 243 243 243 244 244 243 243 244 243 243 242 243 243
243 244 244 244 130 243 243 243 244 245 243 243 244 244 243 243
243 243 244 243 202 243 243 243 243 243   9 243 243 244 244 243
243 244 243 244   8   9 244 244 244 244 244 244 243 243 243 243
244 244 243 244   6 244 244 244 243 243 242 244 243 243 243 243
244 244 243 244 129 159 244 243 243  12  11 244 243 244 243 244
243 244 244 243 243 130  20 243 243 243 243 244 243 243 245 244
243 243 244 243 245  16 243  12 244 244 244 244 243 243 243 243
244 244 244 244 244  10 243 244 244 130 244 243 244 244 243 243
243 244 244 243 244 242 243 243 244 209 243 243 243 243 243 243
244 244 244 243 243  14 244 243 244 244  11 243 243 244 244 243
243 243 244 243 244 125 244 244 244 243 243 243 244 243 243 243
243 244 243 243 243 246 244  10 244  96 243 243 243 243 242 243
243 243 244 182 244 243 243 244   8 243 186 244 243 243 243 243
243 243 243   9 243 243  35 243 243 243 243 243 243 243 243 243
243 243 243 242 243 243 243 243 243 243 242 243 244 243 243 243

241 242 241 242 242 241 241 241 242 241 241 241 241 241 241 241
242 241 242 242 242 242 241 241 242 241 241 241 241 241 241 241
242 241 241 241 242 241 242 241 241 241 241 241 241 241 241 241
241 242 241 242 242 242 241 242 242 242 239 194 242 241 241 241
242 242 242 241 242 242 240 238 242 242 240 154 231 238 241 241
241 242 184 150 212 130 147 103 188 139 130 118 136 166 242 241
242 242 169  85 167 116  74 113 102  88 184 143 148 225 241 241
242 242 232 209 214 234 219 242 209 177 208 231 239 135 242 241
242 242 242 242 242 242 193 155 222 207 242 216 150 205 242 241
224 175 189 211 203 184 142 195 178 218 206 210 179 190 155 234
220 108 127 130 146  84  79 132 121 157 141 141 145 131 209 180
225 112 172 165 131 162 199 197 205 174 174 165 177 226 179 206
219 184 242 235 214 242 242 242 242 242 242 242 242 189 141 241
242 242 242 242 242 242 242 242 242 242 242 242 242 242 242 241
242 242 242 242 242 242 242 242 242 242 242 242 242 242 241 241
242 242 241 242 242 242 242 242 242 242 242 242 242 242 242 241
241 241 241 241 242 241 241 241 241 241 241 241 241 241 241 241
241 241 241 241 241 241 241 241 241 241 241 241 241 241 241 241
241 241 241 241 241 241 242 241 241 241 241 241 241 241 241 241
241 241 241 241 241 241 242 241 241 241 238 194 242 241 241 241
241 241 242 241 242 241 240 238 242 242 240 154 231 238 241 241
241 241 184 150 212 130 147 103 188 139 130 119 136 166 241 241
242 241 169  86 167 116  74 113 102  88 184 143 148 224 241 241
242 242 232 209 214 234 219 242 209 177 207 231 239 135 241 241
242 242 242 242 242 242 193 155 222 207 242 216 149 205 242 241
224 175 189 211 203 184 142 195 178 218 206 210 179 190 155 234
220 108 127 130 145  84  79 131 121 157 141 140 145 130 209 180
225 112 172 165 131 162 199 197 205 174 174 166 177 226 178 205
220 184 242 235 214 242 242 242 242 242 242 241 241 189 141 241
242 242 242 242 242 242 242 242 242 242 241 242 242 242 241 241
242 242 241 241 242 242 241 242 242 241 241 241 242 241 241 241
241 241 242 242 242 242 242 242 242 241 241 241 242 241 241 241
241 242 241 241 242 241 241 242 241 241 241 241 241 241 241 241
241 241 242 242 242 241 241 241 242 241 241 241 241 241 241 241
241 241 241 241 241 241 241 241 241 241 241 241 242 241 241 241
241 241 241 242 241 242 241 242 242 242 238 194 241 241 241 241
241 241 242 241 242 241 240 238 242 242 240 154 231 238 241 241
241 242 184 150 212 130 147 103 188 139 130 118 136 166 241 241
241 242 169  85 167 115  74 113 102  88 184 143 148 224 241 241
242 242 232 209 214 234 219 242 209 177 207 231 239 135 242 241
242 242 242 242 242 242 193 155 222 207 242 216 149 206 241 242
223 175 189 211 203 184 142 195 178 218 206 210 179 190 155 234
220 108 127 130 145  83  79 132 121 157 141 140 145 130 209 180
225 112 172 165 131 162 199 197 205 174 174 166 177 226 178 206
219 184 242 235 214 242 242 242 242 242 242 242 242 189 141 241
242 242 242 242 242 242 242 242 242 242 242 242 242 242 241 241
242 242 242 242 242 242 242 242 242 242 242 242 242 242 241 241
242 242 241 242 242 242 242 242 242 242 242 242 242 241 241 242

241 241 241 241 241 241 241 241 241 234 180 206 241 241 241 241
241 241 241 241 241 242 241 242 242 155 209 179 141 242 241 242
241 241 241 241 238 166 225 135 205 190 131 226 189 242 242 242
241 241 241 242 231 136 148 239 150 179 145 177 242 242 242 242
241 241 241 194 154 118 143 231 216 210 141 165 242 242 242 242
241 241 241 239 240 130 184 208 242 206 141 174 242 242 242 242
241 241 241 242 242 139  88 177 207 218 157 174 242 242 242 242
242 242 241 242 242 188 102 209 222 178 121 205 242 242 242 242
241 241 241 242 238 103 113 242 155 195 132 197 242 242 242 242
241 241 242 241 240 147  74 219 193 142  79 199 242 242 242 242
241 242 241 242 242 130 116 234 242 184  84 162 242 242 242 242
242 242 242 242 242 212 167 214 242 203 146 131 214 242 242 242
242 242 241 242 241 150  85 209 242 211 130 165 235 242 242 242
241 242 241 241 242 184 169 232 242 189 127 172 242 242 242 241
242 241 241 242 242 242 242 242 242 175 108 112 184 242 242 242
241 242 242 241 242 241 242 242 242 224 220 225 219 242 242 242
241 241 241 241 241 241 241 241 241 234 180 205 241 241 241 241
241 241 241 241 241 241 241 241 242 155 209 178 141 241 241 241
241 241 241 241 238 166 224 135 205 190 130 226 189 242 241 241
241 241 241 242 231 136 148 239 149 179 145 177 241 242 242 242
241 241 241 194 154 119 143 231 216 210 140 166 241 242 241 241
241 241 241 238 240 130 184 207 242 206 141 174 242 241 241 241
241 241 241 241 242 139  88 177 207 218 157 174 242 242 241 241
241 241 241 241 242 188 102 209 222 178 121 205 242 242 242 242
241 241 241 241 238 103 113 242 155 195 131 197 242 242 242 242
241 241 242 242 240 147  74 219 193 142  79 199 242 242 241 242
241 241 241 241 241 130 116 234 242 184  84 162 242 242 242 242
242 241 241 241 242 212 167 214 242 203 145 131 214 242 242 242
241 241 241 241 241 150  86 209 242 211 130 165 235 242 241 242
241 241 241 241 242 184 169 232 242 189 127 172 242 242 241 242
241 241 241 241 241 241 241 242 242 175 108 112 184 242 242 241
241 241 241 241 241 241 242 242 242 224 220 225 220 242 242 241
241 241 241 241 241 241 241 241 242 234 180 206 241 241 241 242
241 241 241 241 241 241 241 242 241 155 209 178 141 241 241 241
241 241 241 241 238 166 224 135 206 190 130 226 189 242 242 241
241 241 242 241 231 136 148 239 149 179 145 177 242 242 242 242
241 241 241 194 154 118 143 231 216 210 140 166 242 242 242 242
241 241 241 238 240 130 184 207 242 206 141 174 242 242 242 242
241 241 241 242 242 139  88 177 207 218 157 174 242 242 242 242
241 242 241 242 242 188 102 209 222 178 121 205 242 242 242 242
242 241 241 242 238 103 113 242 155 195 132 197 242 242 242 242
241 241 241 241 240 147  74 219 193 142  79 199 242 242 242 242
241 241 241 242 241 130 115 234 242 184  83 162 242 242 242 242
242 242 241 241 242 212 167 214 242 203 145 131 214 242 242 242
241 242 241 242 241 150  85 209 242 211 130 165 235 242 242 242
241 242 241 241 242 184 169 232 242 189 127 172 242 242 242 241
242 241 241 241 241 242 242 242 242 175 108 112 184 242 242 242
241 241 241 241 241 241 241 242 242 223 220 225 219 242 242 242
